6.90243e-310,6.90243e-310,-0.602008,3.27047e-08,4.00075e-08,2.73359e-10,2.55627e-05,-2.84816e-05,1,0.737706,0.675122,3.70866e-07,-0.675122,0.737706,3.8269e-05,-9.52891e-08,1.11978e-07,-3.15796e-08,-1.57074,-0.741131,-1.57076
6.90245e-310,6.90243e-310,2.22045e-16,2.22045e-16,0,2.22045e-16,41.926,-152.21,152.21,143.826,-93.6433,286.246
6.90242e-310,6.90246e-310,-3.28294e-17,2.88366e-17,-7.35402e-18,15,5.32907e-15,-30,30,-3.55271e-15
6.90245e-310,6.90243e-310,0,0,0,0
6.90242e-310,6.90242e-310,-1.50458,0.790372,-0.549698,0,0,-1.47298,0.729975,-0.536528
6.90242e-310,6.90243e-310,0.40858,-0.438577,0.0299971,0.0473436,0.0172572,0.422883,-0.46991,0.0470262
6.90243e-310,6.90243e-310,-0.166536,-0.485466,0.180951,-0.275286,-0.520817,0.146,-0.160864,-0.481982,0.179186,-0.269448
6.90243e-310,6.90243e-310,-0.602299,-0.741949,0.279112,-0.602314,-0.55633,0.449352,-0.602449,-0.55601,0.449386,-0.60244
6.90243e-310,6.90243e-310,-0.50335,-0.770684,-0.779299,-0.50335,-0.495611,-0.103638,-0.554998,-0.480285,-0.0101169,-0.628611
6.90243e-310,6.90243e-310,0,0,0,0,0,0,0,0,0,0
6.90245e-310,1
0,0,0,0,0,0,0,0,0,0,0,0,0,0,0,0,0,0,1.00877e-05,1.23402e-05,-0
1,0.003,5.689,5.686,-1,0.212667,0,0,0,0,0,0,0,0,-0.557206,-0.179002,-0.50335,0,0,0,666.671,1,1,0,0,0,0,0,0,0,-0.555474,-0.103599,-0.554629
